../inputs/tsp100/tsp100_1.dat
Execution time: 400411 ms
Solution value: 413.422
Solution path: [0, 19, 18, 17, 16, 15, 14, 13, 12, 11, 9, 10, 54, 53, 52, 51, 93, 92, 91, 90, 83, 28, 97, 98, 99, 64, 65, 66, 67, 68, 69, 94, 95, 80, 96, 82, 81, 85, 86, 87, 88, 89, 62, 63, 55, 29, 56, 57, 61, 60, 59, 58, 32, 33, 34, 35, 36, 84, 24, 79, 78, 77, 76, 75, 74, 22, 21, 27, 47, 48, 49, 50, 37, 38, 39, 40, 25, 41, 42, 43, 73, 44, 72, 71, 70, 46, 45, 26, 30, 31, 23, 20, 8, 7, 6, 5, 4, 3, 2, 1]

../inputs/tsp100/tsp100_2.dat
Execution time: 2700384 ms
Solution value: 393.576
Solution path: [0, 10, 9, 40, 39, 38, 37, 36, 2, 3, 18, 99, 79, 80, 81, 82, 83, 84, 85, 86, 87, 88, 11, 89, 90, 91, 92, 93, 94, 95, 96, 78, 77, 12, 47, 48, 49, 50, 51, 52, 53, 54, 60, 59, 58, 57, 56, 55, 98, 19, 15, 21, 97, 13, 46, 45, 44, 43, 42, 14, 20, 17, 73, 72, 71, 70, 69, 68, 16, 74, 75, 76, 61, 62, 63, 64, 65, 66, 67, 4, 5, 6, 7, 8, 41, 22, 23, 24, 25, 26, 27, 28, 29, 30, 31, 32, 33, 34, 1, 35]

../inputs/tsp100/tsp100_3.dat
Execution time: 191136 ms
Solution value: 410.009
Solution path: [0, 84, 99, 98, 97, 85, 48, 49, 50, 90, 88, 43, 44, 45, 81, 87, 47, 46, 57, 56, 55, 54, 58, 59, 60, 61, 52, 53, 22, 82, 93, 94, 35, 36, 37, 38, 39, 40, 41, 42, 23, 24, 25, 26, 27, 28, 29, 30, 31, 96, 32, 95, 34, 33, 86, 20, 92, 83, 15, 14, 21, 16, 17, 18, 19, 12, 13, 89, 91, 80, 79, 78, 66, 65, 64, 67, 68, 69, 70, 71, 72, 73, 74, 75, 76, 77, 63, 62, 51, 3, 2, 4, 5, 6, 7, 8, 9, 10, 11, 1]

../inputs/tsp100/tsp100_4.dat
Execution time: 2700324 ms
Solution value: 353.605
Solution path: [0, 1, 2, 3, 4, 5, 53, 52, 51, 62, 61, 60, 17, 18, 19, 20, 10, 9, 8, 7, 13, 12, 11, 38, 37, 36, 35, 46, 45, 44, 43, 42, 41, 40, 39, 34, 21, 22, 90, 91, 33, 32, 31, 30, 29, 28, 27, 83, 26, 25, 24, 23, 89, 88, 68, 67, 66, 65, 64, 63, 82, 81, 80, 79, 78, 92, 97, 93, 94, 96, 95, 77, 76, 75, 74, 73, 72, 71, 70, 69, 87, 99, 98, 14, 15, 16, 59, 84, 58, 57, 56, 55, 54, 6, 86, 47, 48, 49, 50, 85]

../inputs/tsp100/tsp100_5.dat
Execution time: 1049424 ms
Solution value: 387.885
Solution path: [0, 11, 10, 35, 36, 37, 38, 76, 41, 74, 57, 58, 59, 60, 61, 46, 47, 48, 49, 56, 55, 54, 53, 52, 51, 50, 71, 72, 73, 62, 63, 64, 65, 66, 67, 68, 69, 70, 21, 44, 20, 19, 39, 18, 17, 16, 75, 45, 42, 79, 77, 15, 99, 98, 97, 96, 95, 94, 93, 43, 89, 90, 91, 92, 80, 81, 82, 83, 84, 85, 86, 87, 88, 14, 13, 12, 40, 30, 31, 22, 23, 78, 24, 25, 26, 27, 28, 29, 32, 33, 34, 9, 8, 7, 6, 5, 4, 3, 2, 1]

../inputs/tsp100/tsp100_6.dat
Execution time: 153525 ms
Solution value: 373.489
Solution path: [0, 1, 92, 2, 3, 4, 5, 6, 7, 8, 78, 79, 91, 41, 42, 43, 44, 45, 46, 40, 39, 38, 37, 52, 51, 50, 49, 67, 48, 47, 68, 69, 58, 59, 60, 54, 66, 65, 64, 63, 62, 61, 73, 90, 57, 55, 93, 12, 13, 14, 15, 16, 70, 53, 17, 18, 19, 20, 21, 22, 23, 36, 35, 34, 33, 32, 31, 30, 29, 28, 27, 26, 25, 24, 72, 89, 71, 81, 82, 83, 84, 85, 86, 87, 88, 80, 56, 99, 98, 97, 96, 95, 94, 74, 75, 76, 77, 9, 10, 11]

../inputs/tsp100/tsp100_7.dat
Execution time: 2700329 ms
Solution value: 384.87
Solution path: [0, 12, 11, 10, 9, 39, 40, 7, 8, 38, 37, 36, 35, 34, 33, 32, 31, 30, 29, 48, 47, 46, 45, 44, 43, 42, 6, 41, 17, 16, 15, 14, 5, 13, 82, 97, 98, 99, 96, 95, 94, 93, 92, 91, 90, 89, 2, 86, 87, 88, 24, 85, 4, 25, 26, 27, 28, 21, 20, 19, 18, 83, 52, 51, 50, 49, 61, 60, 59, 58, 57, 56, 55, 54, 53, 22, 84, 3, 1, 77, 78, 79, 76, 75, 74, 73, 72, 71, 70, 69, 68, 67, 66, 65, 64, 63, 62, 81, 80, 23]

../inputs/tsp100/tsp100_8.dat
Execution time: 254333 ms
Solution value: 445.239
Solution path: [0, 94, 49, 1, 32, 92, 41, 40, 39, 38, 13, 12, 11, 10, 52, 2, 9, 8, 17, 16, 15, 14, 37, 47, 54, 46, 45, 44, 43, 42, 57, 56, 55, 67, 66, 65, 64, 63, 62, 61, 7, 6, 5, 4, 60, 3, 59, 58, 96, 29, 18, 19, 20, 21, 22, 23, 24, 25, 26, 27, 28, 85, 86, 87, 88, 89, 90, 50, 31, 95, 51, 91, 30, 34, 79, 80, 78, 77, 76, 75, 74, 73, 68, 72, 69, 70, 71, 84, 83, 81, 82, 36, 93, 33, 48, 97, 98, 99, 35, 53]

../inputs/tsp100/tsp100_9.dat
Execution time: 1912922 ms
Solution value: 415.534
Solution path: [0, 1, 2, 3, 4, 6, 5, 13, 61, 62, 20, 63, 64, 65, 66, 67, 68, 19, 74, 73, 72, 71, 70, 69, 78, 77, 76, 75, 42, 89, 90, 88, 87, 86, 85, 84, 83, 82, 81, 80, 79, 98, 97, 96, 95, 41, 40, 39, 38, 91, 92, 93, 94, 7, 8, 9, 10, 12, 14, 99, 43, 37, 22, 23, 24, 25, 26, 27, 28, 29, 36, 35, 34, 33, 32, 31, 30, 45, 17, 46, 53, 52, 51, 50, 49, 48, 60, 59, 58, 57, 56, 55, 54, 15, 44, 47, 18, 16, 11, 21]

../inputs/tsp100/tsp100_10.dat
Execution time: 205023 ms
Solution value: 413.223
Solution path: [0, 1, 2, 3, 4, 5, 6, 40, 41, 42, 43, 34, 90, 45, 35, 88, 98, 91, 96, 95, 94, 93, 92, 9, 20, 10, 11, 12, 13, 14, 15, 16, 17, 19, 18, 39, 86, 44, 99, 46, 36, 63, 76, 75, 74, 73, 72, 71, 70, 69, 68, 67, 66, 65, 64, 89, 51, 50, 49, 48, 47, 62, 61, 52, 53, 54, 55, 56, 57, 58, 59, 60, 37, 97, 77, 78, 79, 84, 83, 82, 81, 80, 87, 25, 26, 27, 28, 29, 30, 38, 31, 32, 33, 21, 22, 23, 24, 85, 7, 8]

