../inputs/calibration_set/tsp25_1.dat
Execution time: 70 ms
Solution value: 179.753
Solution path: [13, 14, 15, 23, 22, 21, 20, 19, 8, 7, 6, 5, 4, 3, 2, 1, 0, 12, 11, 10, 9, 18, 17, 16, 24]

../inputs/calibration_set/tsp25_2.dat
Execution time: 92 ms
Solution value: 261.913
Solution path: [0, 1, 2, 3, 4, 8, 18, 17, 16, 15, 14, 20, 13, 12, 9, 5, 23, 19, 21, 10, 22, 11, 7, 6, 24]

../inputs/calibration_set/tsp25_3.dat
Execution time: 89 ms
Solution value: 251.863
Solution path: [17, 16, 15, 14, 13, 12, 11, 4, 1, 9, 6, 5, 2, 3, 0, 8, 7, 10, 18, 19, 20, 21, 22, 23, 24]

../inputs/calibration_set/tsp50_1.dat
Execution time: 526 ms
Solution value: 243.28
Solution path: [2, 1, 0, 31, 32, 33, 34, 19, 20, 21, 22, 23, 24, 25, 26, 27, 28, 29, 30, 3, 4, 5, 6, 7, 8, 9, 10, 11, 12, 13, 14, 15, 16, 17, 18, 40, 39, 41, 42, 43, 44, 45, 46, 35, 36, 37, 38, 47, 48, 49]

../inputs/calibration_set/tsp50_2.dat
Execution time: 518 ms
Solution value: 310.844
Solution path: [26, 25, 24, 23, 43, 22, 21, 20, 19, 18, 17, 15, 16, 48, 47, 4, 3, 2, 1, 5, 6, 7, 8, 44, 9, 10, 11, 12, 13, 14, 0, 36, 35, 34, 33, 32, 31, 30, 29, 28, 27, 41, 40, 39, 38, 37, 42, 45, 46, 49]

../inputs/calibration_set/tsp50_3.dat
Execution time: 602 ms
Solution value: 234.029
Solution path: [28, 29, 30, 31, 32, 33, 34, 35, 36, 37, 38, 23, 24, 25, 26, 27, 3, 2, 1, 0, 9, 10, 11, 12, 13, 14, 4, 5, 6, 8, 7, 39, 40, 41, 15, 16, 22, 21, 20, 19, 42, 17, 18, 43, 44, 45, 46, 47, 48, 49]

../inputs/calibration_set/tsp75_1.dat
Execution time: 1503 ms
Solution value: 357.348
Solution path: [51, 50, 49, 17, 18, 19, 20, 21, 22, 23, 24, 25, 26, 27, 28, 29, 30, 31, 16, 15, 14, 13, 12, 52, 54, 39, 53, 42, 69, 70, 71, 72, 48, 47, 46, 45, 44, 43, 4, 5, 6, 7, 8, 40, 9, 10, 11, 0, 1, 2, 3, 37, 61, 60, 59, 58, 57, 56, 32, 55, 33, 34, 35, 62, 36, 63, 64, 65, 66, 67, 68, 41, 38, 73, 74]

../inputs/calibration_set/tsp75_2.dat
Execution time: 1501 ms
Solution value: 373.241
Solution path: [66, 67, 68, 35, 16, 11, 45, 44, 39, 43, 33, 42, 41, 40, 32, 31, 30, 29, 14, 34, 38, 17, 18, 19, 20, 51, 52, 53, 54, 55, 56, 12, 13, 57, 58, 59, 46, 47, 48, 49, 50, 7, 8, 9, 10, 0, 1, 2, 3, 4, 5, 6, 21, 22, 23, 24, 25, 26, 27, 28, 15, 36, 60, 61, 62, 63, 64, 65, 37, 69, 70, 71, 72, 73, 74]

../inputs/calibration_set/tsp75_3.dat
Execution time: 1545 ms
Solution value: 271.106
Solution path: [70, 69, 68, 67, 61, 62, 63, 64, 65, 66, 32, 35, 39, 40, 41, 42, 43, 44, 45, 46, 47, 37, 38, 26, 27, 28, 29, 30, 31, 36, 56, 57, 58, 15, 16, 17, 18, 19, 0, 1, 2, 3, 4, 33, 5, 6, 7, 8, 9, 10, 11, 12, 13, 14, 59, 60, 48, 49, 50, 51, 52, 53, 54, 55, 20, 21, 22, 23, 24, 34, 25, 71, 72, 73, 74]

../inputs/calibration_set/tsp100_1.dat
Execution time: 3405 ms
Solution value: 433.38
Solution path: [64, 65, 66, 67, 68, 69, 91, 92, 93, 94, 51, 52, 53, 54, 80, 95, 96, 82, 81, 85, 86, 87, 88, 89, 55, 63, 62, 61, 60, 59, 58, 57, 56, 29, 84, 32, 33, 34, 35, 36, 79, 78, 77, 76, 75, 74, 22, 21, 27, 24, 25, 42, 43, 41, 40, 39, 38, 37, 50, 49, 48, 47, 46, 70, 45, 71, 72, 73, 44, 26, 30, 31, 23, 20, 5, 4, 6, 7, 8, 9, 10, 11, 12, 13, 14, 15, 16, 17, 18, 19, 3, 2, 1, 0, 90, 83, 28, 97, 98, 99]

../inputs/calibration_set/tsp100_2.dat
Execution time: 3054 ms
Solution value: 396.052
Solution path: [79, 80, 81, 82, 83, 84, 85, 86, 87, 88, 11, 89, 90, 91, 92, 93, 94, 95, 96, 78, 77, 12, 47, 48, 49, 50, 51, 52, 53, 54, 60, 59, 58, 57, 56, 55, 98, 19, 15, 21, 97, 13, 46, 45, 44, 43, 42, 14, 20, 17, 73, 72, 71, 70, 69, 68, 67, 16, 74, 75, 76, 61, 62, 63, 64, 65, 66, 6, 5, 4, 3, 37, 38, 39, 10, 9, 40, 7, 8, 41, 22, 23, 24, 25, 26, 27, 28, 29, 30, 31, 32, 33, 34, 0, 35, 1, 36, 2, 18, 99]

../inputs/calibration_set/tsp100_3.dat
Execution time: 3444 ms
Solution value: 417.588
Solution path: [84, 0, 1, 2, 11, 10, 9, 8, 7, 6, 5, 4, 3, 51, 50, 49, 48, 90, 65, 64, 63, 62, 77, 76, 75, 74, 73, 72, 71, 70, 69, 68, 67, 66, 78, 79, 80, 12, 13, 21, 19, 18, 17, 16, 15, 14, 89, 91, 83, 92, 20, 86, 33, 34, 95, 32, 96, 31, 30, 29, 28, 27, 26, 25, 24, 23, 42, 41, 40, 39, 38, 37, 36, 35, 94, 93, 82, 22, 54, 53, 52, 61, 60, 59, 58, 57, 56, 55, 88, 43, 44, 45, 46, 47, 87, 81, 85, 97, 98, 99]

../inputs/calibration_set/tsp200_1.dat
Execution time: 26939 ms
Solution value: 657.699
Solution path: [189, 179, 30, 23, 31, 32, 97, 91, 95, 26, 188, 174, 173, 172, 171, 170, 169, 178, 177, 175, 176, 104, 103, 102, 101, 116, 105, 106, 107, 108, 109, 110, 111, 184, 92, 93, 180, 115, 94, 90, 122, 121, 120, 187, 21, 25, 88, 24, 89, 3, 186, 22, 113, 114, 99, 98, 100, 48, 49, 50, 51, 96, 161, 162, 139, 140, 141, 142, 143, 144, 145, 146, 147, 148, 149, 168, 150, 151, 152, 167, 166, 165, 164, 163, 138, 160, 159, 158, 157, 156, 155, 154, 153, 128, 127, 126, 125, 124, 112, 123, 137, 136, 40, 39, 38, 47, 46, 54, 45, 53, 52, 62, 61, 60, 59, 58, 57, 119, 56, 118, 1, 55, 44, 43, 42, 135, 41, 134, 133, 132, 131, 130, 129, 2, 4, 185, 181, 0, 74, 75, 76, 77, 78, 12, 72, 73, 63, 13, 14, 71, 79, 80, 183, 11, 10, 9, 8, 82, 27, 83, 84, 85, 86, 87, 117, 37, 36, 35, 34, 33, 182, 5, 6, 7, 81, 28, 29, 20, 19, 18, 17, 16, 15, 70, 69, 68, 67, 66, 65, 190, 64, 191, 192, 193, 194, 195, 196, 197, 198, 199]

