../inputs/calibration_set/tsp25_1.dat
Execution time: 122 ms
Solution value: 179.753
Solution path: [19, 8, 7, 6, 5, 4, 3, 2, 1, 0, 12, 11, 10, 9, 18, 17, 16, 24, 13, 14, 15, 23, 22, 21, 20]

Execution time: 146 ms
Solution value: 179.753
Solution path: [5, 4, 3, 2, 1, 0, 12, 11, 10, 9, 18, 17, 16, 24, 13, 14, 15, 23, 22, 21, 20, 19, 8, 7, 6]

Execution time: 118 ms
Solution value: 179.753
Solution path: [6, 7, 8, 19, 20, 21, 22, 23, 15, 14, 13, 24, 16, 17, 18, 9, 10, 11, 12, 0, 1, 2, 3, 4, 5]

Execution time: 89 ms
Solution value: 179.753
Solution path: [16, 17, 18, 9, 10, 11, 12, 0, 1, 2, 3, 4, 5, 6, 7, 8, 19, 20, 21, 22, 23, 15, 14, 13, 24]

Execution time: 120 ms
Solution value: 179.753
Solution path: [4, 5, 6, 7, 8, 19, 20, 21, 22, 23, 15, 14, 13, 24, 16, 17, 18, 9, 10, 11, 12, 0, 1, 2, 3]

../inputs/calibration_set/tsp25_2.dat
Execution time: 93 ms
Solution value: 261.913
Solution path: [16, 17, 18, 8, 4, 3, 2, 1, 0, 24, 6, 7, 11, 22, 10, 21, 19, 23, 5, 9, 12, 13, 20, 14, 15]

Execution time: 139 ms
Solution value: 263.626
Solution path: [8, 7, 11, 22, 10, 21, 19, 6, 24, 0, 1, 2, 3, 4, 23, 5, 9, 12, 13, 20, 14, 15, 16, 17, 18]

Execution time: 123 ms
Solution value: 263.278
Solution path: [6, 21, 7, 11, 22, 10, 19, 23, 5, 9, 12, 13, 20, 14, 15, 16, 17, 18, 8, 4, 3, 2, 1, 0, 24]

Execution time: 197 ms
Solution value: 263.626
Solution path: [5, 9, 12, 13, 20, 14, 15, 16, 17, 18, 8, 7, 11, 22, 10, 21, 19, 6, 24, 0, 1, 2, 3, 4, 23]

Execution time: 104 ms
Solution value: 263.278
Solution path: [3, 4, 8, 18, 17, 16, 15, 14, 20, 13, 12, 9, 5, 23, 19, 10, 22, 11, 7, 21, 6, 24, 0, 1, 2]

../inputs/calibration_set/tsp25_3.dat
Execution time: 184 ms
Solution value: 247.435
Solution path: [17, 10, 16, 15, 14, 13, 12, 11, 4, 1, 9, 6, 2, 3, 0, 8, 5, 7, 19, 20, 21, 22, 23, 24, 18]

Execution time: 162 ms
Solution value: 247.435
Solution path: [0, 8, 5, 7, 19, 20, 21, 22, 23, 24, 18, 17, 10, 16, 15, 14, 13, 12, 11, 4, 1, 9, 6, 2, 3]

Execution time: 116 ms
Solution value: 247.435
Solution path: [17, 10, 16, 15, 14, 13, 12, 11, 4, 1, 9, 6, 2, 3, 0, 8, 5, 7, 19, 20, 21, 22, 23, 24, 18]

Execution time: 96 ms
Solution value: 249.998
Solution path: [15, 14, 13, 12, 11, 4, 1, 9, 6, 5, 2, 3, 0, 8, 7, 19, 20, 21, 22, 23, 24, 18, 17, 10, 16]

Execution time: 110 ms
Solution value: 255.316
Solution path: [4, 11, 12, 13, 14, 15, 16, 10, 17, 18, 24, 23, 22, 21, 20, 19, 7, 0, 3, 8, 2, 5, 6, 9, 1]

../inputs/calibration_set/tsp50_1.dat
Execution time: 965 ms
Solution value: 243.28
Solution path: [42, 41, 39, 40, 18, 17, 16, 15, 14, 13, 12, 11, 10, 9, 8, 7, 6, 5, 4, 3, 30, 29, 28, 27, 26, 25, 24, 23, 22, 21, 20, 19, 34, 33, 32, 31, 0, 1, 2, 49, 48, 47, 38, 37, 36, 35, 46, 45, 44, 43]

Execution time: 715 ms
Solution value: 243.584
Solution path: [44, 45, 46, 35, 36, 37, 38, 47, 48, 49, 2, 1, 0, 19, 34, 33, 32, 31, 30, 20, 21, 22, 23, 24, 25, 26, 27, 28, 29, 3, 4, 5, 6, 7, 8, 9, 10, 11, 12, 13, 14, 15, 16, 17, 18, 40, 39, 41, 42, 43]

Execution time: 801 ms
Solution value: 243.28
Solution path: [12, 13, 14, 15, 16, 17, 18, 40, 39, 41, 42, 43, 44, 45, 46, 35, 36, 37, 38, 47, 48, 49, 2, 1, 0, 31, 32, 33, 34, 19, 20, 21, 22, 23, 24, 25, 26, 27, 28, 29, 30, 3, 4, 5, 6, 7, 8, 9, 10, 11]

Execution time: 846 ms
Solution value: 243.28
Solution path: [45, 44, 43, 42, 41, 39, 40, 18, 17, 16, 15, 14, 13, 12, 11, 10, 9, 8, 7, 6, 5, 4, 3, 30, 29, 28, 27, 26, 25, 24, 23, 22, 21, 20, 19, 34, 33, 32, 31, 0, 1, 2, 49, 48, 47, 38, 37, 36, 35, 46]

Execution time: 554 ms
Solution value: 243.584
Solution path: [32, 31, 30, 20, 21, 22, 23, 24, 25, 26, 27, 28, 29, 3, 4, 5, 6, 7, 8, 9, 10, 11, 12, 13, 14, 15, 16, 17, 18, 40, 39, 41, 42, 43, 44, 45, 46, 35, 36, 37, 38, 47, 48, 49, 2, 1, 0, 19, 34, 33]

../inputs/calibration_set/tsp50_2.dat
Execution time: 672 ms
Solution value: 307.258
Solution path: [19, 20, 21, 22, 43, 23, 24, 25, 26, 15, 49, 46, 45, 42, 37, 38, 39, 40, 41, 27, 28, 29, 30, 31, 32, 33, 34, 35, 36, 3, 2, 1, 0, 14, 13, 12, 11, 10, 9, 44, 8, 7, 6, 5, 4, 47, 48, 16, 17, 18]

Execution time: 815 ms
Solution value: 308.163
Solution path: [15, 26, 25, 24, 23, 43, 22, 21, 20, 19, 18, 17, 16, 48, 47, 3, 2, 4, 5, 6, 7, 8, 44, 9, 10, 11, 12, 13, 14, 0, 1, 36, 35, 34, 33, 32, 31, 30, 29, 28, 27, 41, 40, 39, 38, 37, 42, 45, 46, 49]

Execution time: 697 ms
Solution value: 307.395
Solution path: [25, 26, 15, 16, 49, 46, 45, 42, 37, 38, 39, 40, 41, 27, 28, 29, 30, 31, 32, 33, 34, 35, 36, 2, 1, 0, 14, 13, 12, 11, 10, 9, 44, 8, 7, 6, 5, 4, 3, 47, 48, 17, 18, 19, 20, 21, 22, 43, 23, 24]

Execution time: 982 ms
Solution value: 309.871
Solution path: [24, 25, 26, 17, 16, 15, 49, 46, 45, 42, 37, 38, 39, 40, 41, 27, 28, 29, 30, 31, 32, 33, 34, 35, 36, 3, 4, 2, 1, 0, 14, 13, 12, 11, 10, 9, 44, 8, 7, 6, 5, 47, 48, 18, 19, 20, 21, 22, 43, 23]

Execution time: 618 ms
Solution value: 308.27
Solution path: [7, 6, 5, 4, 3, 47, 48, 16, 15, 17, 18, 19, 20, 21, 22, 43, 23, 24, 25, 26, 49, 46, 45, 42, 37, 38, 39, 40, 41, 27, 28, 29, 30, 31, 32, 33, 34, 35, 36, 2, 1, 0, 14, 13, 12, 11, 10, 9, 44, 8]

../inputs/calibration_set/tsp50_3.dat
Execution time: 568 ms
Solution value: 231.854
Solution path: [47, 46, 45, 21, 20, 19, 42, 17, 18, 43, 44, 49, 30, 31, 32, 33, 34, 35, 36, 37, 38, 23, 24, 25, 26, 27, 28, 29, 3, 2, 1, 0, 7, 8, 9, 10, 11, 12, 13, 14, 4, 16, 15, 41, 22, 40, 5, 6, 39, 48]

Execution time: 920 ms
Solution value: 229.011
Solution path: [6, 7, 8, 9, 10, 11, 12, 13, 14, 4, 5, 40, 41, 15, 16, 22, 21, 20, 19, 42, 17, 18, 43, 44, 49, 30, 31, 32, 33, 34, 35, 36, 37, 38, 23, 24, 25, 26, 27, 28, 29, 3, 2, 1, 0, 45, 46, 47, 48, 39]

Execution time: 1333 ms
Solution value: 231.554
Solution path: [6, 39, 48, 47, 40, 41, 15, 16, 22, 21, 20, 19, 42, 17, 18, 43, 44, 45, 46, 49, 29, 30, 31, 32, 33, 34, 35, 36, 37, 38, 23, 24, 25, 26, 27, 28, 3, 2, 1, 0, 7, 8, 9, 10, 11, 12, 13, 14, 4, 5]

Execution time: 1246 ms
Solution value: 233.043
Solution path: [16, 22, 21, 20, 19, 42, 17, 18, 43, 44, 49, 31, 32, 33, 34, 35, 36, 30, 29, 28, 37, 38, 23, 24, 25, 26, 27, 3, 2, 1, 0, 45, 46, 47, 48, 39, 6, 7, 8, 9, 10, 11, 12, 13, 14, 4, 5, 40, 41, 15]

Execution time: 898 ms
Solution value: 231.839
Solution path: [13, 14, 8, 7, 6, 5, 4, 16, 15, 41, 22, 40, 39, 48, 47, 46, 21, 20, 19, 42, 17, 18, 43, 45, 44, 49, 30, 31, 32, 33, 34, 35, 36, 37, 38, 23, 24, 25, 26, 27, 28, 29, 3, 2, 1, 0, 9, 10, 11, 12]

../inputs/calibration_set/tsp75_1.dat
Execution time: 2014 ms
Solution value: 356.637
Solution path: [33, 56, 32, 55, 68, 67, 41, 38, 51, 50, 17, 16, 15, 14, 13, 12, 52, 31, 30, 29, 28, 27, 10, 9, 40, 8, 54, 39, 53, 42, 69, 70, 71, 72, 48, 47, 46, 45, 44, 43, 6, 7, 5, 4, 3, 37, 2, 1, 0, 11, 26, 25, 24, 23, 22, 21, 20, 19, 18, 49, 74, 73, 63, 64, 65, 66, 34, 35, 36, 62, 61, 60, 59, 58, 57]

Execution time: 2190 ms
Solution value: 362.843
Solution path: [7, 6, 5, 43, 44, 45, 4, 3, 0, 1, 2, 37, 48, 47, 46, 72, 71, 70, 69, 42, 53, 39, 54, 52, 29, 30, 31, 12, 13, 14, 15, 16, 17, 50, 51, 38, 41, 66, 67, 68, 55, 32, 56, 33, 57, 58, 59, 60, 61, 62, 36, 63, 35, 34, 65, 64, 73, 74, 49, 18, 19, 20, 21, 22, 23, 24, 25, 26, 28, 27, 11, 10, 9, 40, 8]

Execution time: 1745 ms
Solution value: 361.527
Solution path: [43, 6, 5, 4, 3, 2, 1, 0, 11, 26, 25, 24, 23, 22, 21, 20, 19, 18, 49, 74, 73, 64, 63, 36, 62, 61, 60, 59, 58, 35, 34, 33, 57, 56, 32, 55, 68, 67, 66, 65, 41, 38, 51, 50, 17, 16, 15, 14, 13, 12, 52, 31, 30, 29, 28, 27, 10, 9, 40, 8, 7, 54, 39, 53, 42, 69, 70, 71, 72, 47, 48, 37, 46, 45, 44]

Execution time: 2799 ms
Solution value: 363.634
Solution path: [70, 71, 44, 43, 6, 7, 5, 4, 45, 46, 72, 47, 48, 37, 3, 2, 1, 0, 11, 10, 9, 8, 40, 30, 29, 28, 27, 26, 25, 24, 23, 22, 21, 20, 19, 18, 49, 74, 73, 63, 36, 62, 61, 60, 59, 58, 57, 56, 32, 55, 68, 33, 34, 35, 64, 65, 66, 67, 41, 38, 51, 50, 17, 16, 15, 14, 13, 12, 31, 52, 54, 39, 53, 42, 69]

Execution time: 2510 ms
Solution value: 354.366
Solution path: [39, 53, 42, 69, 70, 71, 72, 48, 47, 46, 45, 44, 43, 6, 5, 4, 3, 37, 2, 1, 0, 11, 26, 25, 24, 23, 22, 21, 20, 19, 18, 49, 74, 73, 63, 64, 65, 34, 35, 36, 62, 61, 60, 59, 58, 57, 33, 56, 32, 55, 68, 67, 66, 41, 38, 51, 50, 17, 16, 15, 14, 13, 12, 52, 31, 30, 29, 28, 27, 10, 9, 40, 8, 7, 54]

../inputs/calibration_set/tsp75_2.dat
Execution time: 2215 ms
Solution value: 373.209
Solution path: [47, 48, 49, 7, 8, 9, 10, 0, 1, 2, 3, 4, 5, 6, 21, 22, 23, 24, 25, 26, 27, 28, 15, 36, 60, 61, 62, 63, 64, 65, 37, 69, 70, 71, 72, 73, 74, 66, 67, 68, 35, 16, 11, 45, 44, 39, 43, 42, 41, 40, 33, 32, 31, 30, 29, 14, 34, 38, 17, 18, 19, 20, 50, 51, 52, 53, 54, 55, 56, 12, 13, 57, 58, 59, 46]

Execution time: 2264 ms
Solution value: 370.392
Solution path: [60, 61, 62, 63, 64, 65, 37, 69, 70, 71, 72, 73, 74, 66, 67, 68, 35, 16, 11, 45, 44, 39, 43, 42, 41, 40, 33, 32, 31, 30, 29, 14, 34, 13, 12, 59, 58, 57, 56, 55, 54, 53, 52, 51, 50, 49, 48, 46, 47, 7, 8, 9, 10, 0, 1, 2, 3, 4, 5, 6, 22, 23, 24, 25, 26, 27, 28, 21, 20, 19, 18, 17, 38, 15, 36]

Execution time: 3532 ms
Solution value: 405.344
Solution path: [65, 60, 61, 62, 63, 64, 26, 27, 28, 17, 18, 19, 20, 21, 22, 25, 24, 23, 6, 5, 4, 3, 2, 1, 0, 10, 9, 8, 7, 47, 46, 48, 49, 50, 51, 52, 53, 54, 55, 56, 57, 58, 59, 12, 13, 14, 34, 38, 15, 36, 40, 29, 30, 31, 32, 33, 41, 42, 43, 39, 44, 45, 11, 16, 35, 68, 67, 66, 74, 73, 72, 71, 70, 69, 37]

Execution time: 2018 ms
Solution value: 372.889
Solution path: [64, 65, 37, 69, 70, 71, 72, 73, 74, 66, 67, 68, 35, 16, 11, 45, 44, 39, 43, 42, 41, 40, 33, 32, 31, 30, 29, 14, 34, 38, 17, 18, 19, 20, 51, 52, 53, 54, 55, 56, 12, 13, 57, 58, 59, 46, 47, 48, 49, 50, 7, 8, 9, 10, 0, 1, 2, 3, 4, 5, 6, 21, 22, 23, 24, 25, 26, 27, 28, 15, 36, 60, 61, 62, 63]

Execution time: 1815 ms
Solution value: 371.114
Solution path: [8, 48, 47, 46, 59, 58, 57, 56, 12, 13, 34, 14, 29, 30, 31, 32, 40, 41, 42, 33, 43, 39, 44, 45, 11, 16, 35, 66, 67, 74, 73, 72, 71, 70, 68, 69, 37, 60, 61, 65, 64, 63, 62, 36, 15, 38, 17, 28, 27, 26, 25, 24, 23, 22, 21, 18, 19, 20, 54, 55, 53, 52, 51, 50, 49, 7, 6, 5, 4, 3, 2, 1, 0, 10, 9]

../inputs/calibration_set/tsp75_3.dat
Execution time: 1907 ms
Solution value: 272.171
Solution path: [59, 60, 48, 49, 50, 51, 52, 53, 54, 20, 21, 22, 23, 24, 34, 25, 26, 32, 70, 71, 72, 73, 74, 69, 68, 67, 66, 65, 64, 63, 62, 61, 35, 38, 39, 40, 41, 42, 43, 44, 45, 46, 47, 37, 27, 28, 29, 30, 31, 36, 55, 56, 57, 58, 15, 16, 17, 18, 19, 0, 1, 2, 3, 4, 33, 5, 6, 7, 8, 9, 10, 11, 12, 13, 14]

Execution time: 3367 ms
Solution value: 269.309
Solution path: [19, 0, 1, 2, 3, 4, 33, 5, 6, 7, 8, 9, 10, 11, 12, 13, 14, 59, 60, 48, 49, 50, 51, 52, 53, 54, 20, 21, 22, 23, 24, 34, 25, 26, 71, 72, 73, 74, 70, 69, 68, 67, 61, 62, 63, 64, 65, 66, 32, 35, 39, 40, 41, 42, 43, 44, 45, 46, 47, 37, 38, 27, 28, 29, 30, 31, 36, 55, 56, 57, 58, 15, 16, 17, 18]

Execution time: 1869 ms
Solution value: 270.052
Solution path: [41, 40, 39, 35, 32, 66, 65, 64, 63, 62, 61, 67, 68, 69, 70, 74, 73, 72, 71, 25, 34, 24, 23, 22, 21, 20, 54, 53, 52, 51, 50, 49, 48, 60, 59, 14, 13, 12, 11, 10, 9, 8, 7, 6, 5, 33, 4, 3, 2, 1, 0, 19, 18, 17, 16, 15, 58, 57, 56, 55, 36, 31, 30, 29, 28, 27, 26, 38, 37, 47, 46, 45, 44, 43, 42]

Execution time: 3022 ms
Solution value: 268.928
Solution path: [31, 36, 55, 56, 57, 58, 15, 16, 17, 18, 19, 0, 1, 2, 3, 4, 33, 5, 6, 7, 8, 9, 10, 11, 12, 13, 14, 59, 60, 48, 49, 50, 51, 52, 53, 54, 20, 21, 22, 23, 24, 34, 25, 71, 72, 73, 74, 70, 69, 68, 67, 66, 65, 64, 63, 62, 61, 40, 41, 42, 43, 44, 45, 46, 47, 37, 38, 35, 39, 32, 26, 27, 28, 29, 30]

Execution time: 1707 ms
Solution value: 271.784
Solution path: [36, 31, 30, 29, 28, 27, 38, 37, 47, 46, 45, 44, 43, 42, 41, 40, 39, 35, 61, 62, 63, 64, 65, 66, 67, 68, 69, 74, 73, 72, 71, 70, 32, 26, 25, 34, 24, 23, 22, 21, 20, 55, 54, 53, 52, 51, 50, 49, 48, 60, 59, 14, 13, 12, 11, 10, 9, 8, 7, 6, 5, 33, 4, 3, 2, 1, 0, 19, 18, 17, 16, 15, 58, 57, 56]

../inputs/calibration_set/tsp100_1.dat
Execution time: 4563 ms
Solution value: 422.438
Solution path: [28, 97, 98, 99, 64, 65, 66, 67, 68, 69, 92, 93, 15, 16, 14, 13, 12, 11, 9, 10, 51, 52, 53, 54, 80, 94, 95, 96, 82, 81, 85, 86, 87, 88, 89, 63, 62, 61, 60, 59, 58, 57, 56, 29, 55, 84, 32, 33, 34, 35, 36, 22, 21, 74, 75, 76, 77, 78, 79, 24, 38, 39, 40, 25, 41, 42, 43, 73, 44, 72, 71, 37, 50, 49, 27, 48, 47, 46, 70, 45, 26, 30, 31, 23, 20, 8, 7, 6, 5, 4, 3, 2, 1, 0, 19, 18, 17, 91, 90, 83]

Execution time: 5239 ms
Solution value: 414.031
Solution path: [76, 75, 74, 22, 21, 27, 47, 48, 49, 50, 37, 38, 39, 40, 25, 41, 42, 43, 73, 44, 72, 71, 70, 46, 45, 26, 30, 31, 23, 20, 8, 7, 6, 5, 4, 3, 2, 1, 0, 19, 18, 17, 16, 15, 14, 13, 12, 11, 9, 10, 54, 53, 52, 51, 92, 91, 90, 83, 28, 97, 98, 99, 64, 65, 66, 67, 68, 69, 93, 94, 95, 80, 96, 82, 81, 85, 86, 87, 88, 89, 62, 63, 55, 29, 56, 57, 58, 61, 60, 59, 32, 33, 34, 35, 36, 84, 24, 79, 78, 77]

Execution time: 5286 ms
Solution value: 419.291
Solution path: [32, 84, 55, 29, 56, 57, 58, 59, 60, 61, 62, 63, 89, 88, 87, 86, 85, 81, 82, 96, 80, 95, 94, 69, 68, 67, 66, 65, 64, 99, 98, 97, 28, 83, 90, 91, 92, 93, 51, 52, 53, 54, 10, 9, 11, 12, 13, 14, 15, 16, 17, 18, 19, 0, 1, 2, 3, 4, 5, 6, 7, 8, 20, 23, 31, 30, 26, 45, 71, 72, 44, 73, 43, 42, 41, 25, 40, 39, 70, 46, 47, 48, 27, 49, 50, 37, 38, 24, 79, 78, 77, 76, 75, 74, 21, 22, 36, 35, 34, 33]

Execution time: 5578 ms
Solution value: 428.707
Solution path: [76, 77, 78, 79, 24, 39, 38, 37, 50, 49, 27, 48, 47, 46, 70, 71, 45, 26, 30, 31, 44, 72, 73, 43, 42, 41, 40, 25, 80, 54, 53, 52, 51, 13, 12, 11, 10, 9, 8, 7, 20, 23, 6, 5, 4, 3, 2, 1, 0, 19, 18, 17, 16, 14, 15, 93, 92, 91, 90, 83, 28, 97, 98, 99, 64, 65, 66, 67, 68, 69, 94, 95, 96, 82, 81, 85, 86, 87, 88, 89, 63, 62, 61, 60, 59, 58, 57, 56, 29, 55, 84, 32, 33, 34, 35, 36, 22, 21, 74, 75]

Execution time: 6548 ms
Solution value: 416.299
Solution path: [65, 64, 99, 98, 97, 28, 83, 90, 91, 92, 15, 14, 13, 12, 51, 52, 53, 54, 11, 10, 9, 8, 7, 16, 17, 18, 19, 0, 1, 2, 3, 4, 5, 6, 20, 23, 31, 30, 26, 45, 46, 70, 71, 72, 44, 73, 43, 42, 41, 25, 40, 39, 38, 37, 50, 49, 48, 47, 27, 21, 22, 74, 75, 76, 77, 78, 79, 24, 84, 36, 35, 34, 33, 32, 59, 60, 61, 58, 57, 56, 29, 55, 63, 62, 89, 88, 87, 86, 85, 81, 82, 96, 80, 95, 94, 93, 69, 68, 67, 66]

../inputs/calibration_set/tsp100_2.dat
Execution time: 6221 ms
Solution value: 407.619
Solution path: [32, 33, 34, 1, 35, 0, 10, 9, 40, 39, 38, 37, 36, 2, 3, 18, 99, 82, 83, 81, 80, 79, 78, 77, 96, 95, 94, 93, 84, 85, 86, 87, 88, 11, 89, 90, 91, 92, 12, 60, 59, 47, 48, 49, 50, 51, 52, 53, 54, 55, 56, 57, 58, 17, 20, 98, 19, 15, 21, 97, 13, 46, 45, 44, 43, 42, 14, 61, 62, 63, 64, 76, 75, 16, 74, 73, 72, 71, 70, 69, 68, 67, 66, 65, 4, 5, 6, 7, 8, 41, 22, 23, 24, 25, 26, 27, 28, 29, 30, 31]

Execution time: 4980 ms
Solution value: 394.195
Solution path: [3, 18, 99, 82, 81, 80, 79, 78, 77, 96, 95, 94, 83, 84, 85, 86, 87, 88, 11, 89, 90, 91, 92, 93, 12, 47, 60, 59, 58, 57, 56, 48, 49, 50, 51, 52, 53, 54, 55, 98, 19, 15, 21, 97, 13, 46, 45, 44, 43, 42, 14, 20, 17, 73, 72, 71, 70, 69, 68, 16, 74, 75, 76, 61, 62, 63, 64, 65, 66, 67, 4, 5, 6, 7, 8, 41, 22, 23, 24, 25, 26, 27, 28, 29, 30, 31, 32, 33, 34, 1, 35, 0, 10, 9, 40, 39, 38, 37, 36, 2]

Execution time: 7372 ms
Solution value: 393.892
Solution path: [53, 54, 98, 19, 15, 21, 97, 13, 46, 45, 44, 43, 42, 14, 20, 17, 73, 72, 71, 70, 69, 68, 16, 74, 75, 76, 61, 62, 63, 64, 65, 66, 67, 4, 5, 6, 7, 8, 41, 22, 23, 24, 25, 26, 27, 28, 29, 30, 31, 32, 33, 34, 1, 35, 0, 10, 9, 40, 39, 38, 37, 36, 2, 3, 18, 99, 80, 81, 82, 83, 84, 85, 86, 87, 88, 11, 89, 90, 91, 92, 93, 94, 95, 96, 79, 78, 77, 12, 48, 47, 60, 59, 58, 57, 56, 55, 49, 50, 51, 52]

Execution time: 11130 ms
Solution value: 404.549
Solution path: [96, 95, 94, 93, 92, 91, 90, 89, 11, 88, 87, 86, 85, 84, 83, 82, 81, 80, 79, 99, 18, 2, 36, 37, 3, 4, 5, 38, 39, 40, 9, 10, 0, 35, 1, 34, 33, 32, 31, 30, 29, 28, 27, 26, 25, 24, 23, 22, 41, 8, 7, 6, 66, 65, 64, 63, 62, 61, 76, 75, 74, 16, 67, 68, 69, 70, 71, 72, 73, 17, 20, 14, 42, 43, 44, 45, 46, 21, 15, 19, 97, 13, 98, 55, 56, 57, 58, 59, 60, 47, 54, 53, 52, 51, 50, 49, 48, 12, 77, 78]

Execution time: 4541 ms
Solution value: 423.484
Solution path: [59, 60, 47, 12, 48, 49, 50, 51, 52, 53, 54, 55, 98, 20, 13, 97, 19, 15, 21, 46, 45, 44, 43, 42, 14, 74, 16, 75, 76, 61, 62, 63, 64, 65, 6, 7, 8, 41, 22, 23, 24, 25, 26, 27, 28, 29, 30, 31, 32, 33, 99, 82, 83, 84, 85, 86, 87, 88, 11, 89, 90, 91, 92, 93, 94, 95, 96, 77, 78, 79, 80, 81, 18, 2, 36, 35, 1, 34, 0, 10, 9, 40, 39, 38, 37, 3, 4, 5, 66, 67, 68, 69, 70, 71, 72, 73, 17, 56, 57, 58]

../inputs/calibration_set/tsp100_3.dat
Execution time: 4456 ms
Solution value: 412.042
Solution path: [3, 4, 5, 6, 7, 8, 9, 10, 11, 2, 1, 0, 84, 99, 98, 97, 85, 48, 49, 50, 90, 88, 43, 44, 45, 81, 87, 47, 46, 57, 56, 55, 58, 59, 60, 61, 52, 53, 54, 22, 82, 93, 94, 35, 36, 37, 38, 39, 40, 41, 42, 23, 24, 25, 26, 27, 28, 29, 30, 31, 96, 32, 95, 34, 33, 86, 20, 92, 83, 91, 89, 13, 21, 14, 15, 16, 17, 18, 19, 12, 80, 79, 78, 66, 65, 67, 68, 69, 70, 71, 72, 73, 74, 75, 76, 77, 64, 63, 62, 51]

Execution time: 4621 ms
Solution value: 413.959
Solution path: [71, 72, 73, 74, 75, 76, 77, 63, 62, 6, 5, 4, 3, 2, 1, 7, 8, 9, 10, 11, 0, 84, 99, 98, 97, 85, 48, 49, 50, 51, 90, 88, 43, 44, 45, 81, 87, 47, 46, 58, 59, 60, 61, 57, 56, 55, 54, 53, 52, 22, 82, 93, 94, 34, 95, 35, 36, 37, 38, 39, 40, 41, 42, 23, 24, 25, 26, 27, 28, 29, 30, 31, 96, 32, 33, 86, 20, 92, 83, 91, 89, 13, 21, 14, 15, 16, 17, 18, 19, 12, 80, 79, 78, 66, 65, 64, 67, 68, 69, 70]

Execution time: 4280 ms
Solution value: 412.63
Solution path: [2, 3, 51, 62, 77, 76, 75, 74, 73, 72, 71, 70, 69, 68, 67, 63, 64, 65, 66, 78, 79, 80, 89, 13, 12, 19, 18, 17, 16, 21, 14, 15, 91, 83, 92, 20, 86, 33, 34, 95, 32, 96, 31, 30, 29, 28, 27, 26, 25, 24, 23, 42, 41, 40, 39, 38, 37, 36, 35, 94, 93, 82, 22, 53, 52, 61, 60, 59, 58, 54, 55, 56, 57, 46, 47, 87, 81, 45, 44, 43, 88, 90, 50, 49, 48, 85, 97, 98, 99, 84, 0, 1, 11, 10, 9, 8, 7, 6, 5, 4]

Execution time: 5569 ms
Solution value: 448.838
Solution path: [2, 3, 50, 49, 48, 81, 87, 47, 46, 45, 57, 58, 59, 60, 61, 52, 53, 54, 55, 56, 44, 43, 88, 91, 83, 93, 94, 34, 95, 35, 36, 37, 38, 39, 82, 22, 40, 41, 42, 23, 24, 25, 26, 27, 28, 29, 30, 31, 96, 32, 33, 86, 20, 92, 17, 18, 19, 12, 13, 21, 16, 15, 14, 89, 80, 79, 78, 66, 67, 68, 69, 70, 71, 72, 73, 74, 75, 76, 77, 62, 63, 64, 65, 90, 51, 4, 5, 6, 7, 8, 9, 10, 11, 84, 99, 98, 85, 97, 0, 1]

Execution time: 8658 ms
Solution value: 416.532
Solution path: [86, 33, 34, 95, 32, 96, 31, 30, 29, 28, 27, 26, 25, 24, 23, 42, 41, 40, 39, 38, 37, 36, 35, 94, 93, 82, 22, 53, 52, 61, 60, 59, 58, 57, 56, 55, 54, 88, 43, 44, 45, 46, 47, 87, 81, 49, 48, 85, 97, 98, 99, 84, 0, 1, 2, 11, 10, 9, 8, 7, 6, 5, 4, 3, 50, 51, 90, 62, 77, 76, 75, 74, 73, 72, 71, 70, 69, 68, 67, 63, 64, 65, 66, 78, 79, 80, 12, 19, 18, 17, 16, 15, 14, 21, 13, 89, 91, 83, 92, 20]

../inputs/calibration_set/tsp200_1.dat
Execution time: 54973 ms
Solution value: 640.903
Solution path: [64, 63, 73, 72, 13, 71, 12, 78, 11, 10, 183, 79, 80, 28, 81, 8, 9, 83, 84, 85, 117, 86, 87, 74, 75, 76, 77, 0, 181, 195, 196, 194, 193, 192, 191, 199, 198, 197, 4, 185, 94, 115, 90, 2, 42, 135, 41, 134, 133, 132, 131, 130, 129, 128, 127, 126, 153, 168, 149, 148, 167, 166, 165, 147, 146, 145, 144, 143, 142, 141, 164, 163, 138, 162, 139, 140, 96, 161, 160, 159, 152, 151, 150, 154, 155, 156, 157, 158, 22, 113, 51, 50, 49, 48, 100, 98, 99, 114, 186, 3, 112, 125, 124, 123, 137, 136, 40, 39, 38, 47, 88, 24, 89, 25, 61, 62, 52, 46, 53, 45, 54, 55, 1, 118, 56, 44, 43, 119, 57, 58, 59, 60, 21, 187, 120, 121, 122, 180, 93, 92, 184, 101, 111, 110, 109, 108, 107, 106, 105, 176, 175, 177, 104, 116, 102, 103, 178, 169, 170, 171, 172, 173, 174, 188, 26, 95, 91, 97, 33, 34, 35, 36, 37, 27, 82, 7, 6, 5, 182, 32, 31, 179, 23, 30, 20, 29, 19, 18, 189, 17, 16, 15, 70, 14, 69, 68, 67, 66, 65, 190]

Execution time: 31078 ms
Solution value: 658.324
Solution path: [183, 80, 81, 28, 29, 20, 5, 6, 7, 82, 27, 37, 36, 117, 86, 85, 84, 83, 8, 9, 10, 11, 78, 77, 76, 75, 87, 74, 0, 181, 185, 4, 146, 145, 144, 143, 142, 141, 140, 96, 161, 160, 138, 162, 139, 163, 164, 165, 166, 167, 147, 148, 149, 168, 150, 151, 152, 159, 158, 156, 155, 154, 153, 128, 127, 126, 125, 124, 137, 123, 112, 157, 22, 113, 51, 50, 49, 48, 100, 98, 99, 114, 186, 3, 39, 38, 47, 46, 88, 24, 89, 25, 21, 59, 60, 61, 62, 52, 53, 45, 54, 1, 118, 58, 57, 119, 56, 55, 44, 43, 42, 40, 136, 135, 41, 134, 133, 132, 131, 130, 129, 2, 90, 94, 115, 122, 121, 120, 187, 180, 93, 92, 184, 101, 102, 103, 104, 177, 178, 169, 170, 171, 172, 173, 174, 175, 176, 105, 106, 116, 111, 110, 109, 108, 107, 26, 188, 95, 91, 97, 33, 34, 35, 182, 32, 31, 179, 23, 30, 19, 18, 189, 17, 16, 69, 68, 67, 66, 65, 199, 198, 197, 196, 195, 194, 193, 192, 191, 190, 64, 63, 73, 72, 13, 14, 70, 15, 71, 12, 79]

Execution time: 51830 ms
Solution value: 642.561
Solution path: [85, 117, 115, 92, 93, 180, 187, 122, 121, 120, 119, 57, 58, 59, 21, 60, 61, 25, 88, 24, 89, 3, 186, 114, 99, 98, 100, 48, 49, 50, 51, 113, 22, 159, 152, 138, 160, 161, 96, 162, 139, 163, 140, 141, 142, 143, 144, 145, 146, 165, 164, 166, 167, 147, 148, 149, 168, 150, 151, 158, 157, 156, 155, 154, 153, 128, 129, 127, 126, 125, 124, 112, 123, 137, 136, 40, 39, 38, 47, 46, 62, 52, 53, 45, 54, 55, 1, 118, 56, 44, 43, 42, 135, 41, 134, 133, 132, 131, 130, 2, 90, 94, 87, 86, 9, 10, 11, 78, 79, 183, 80, 29, 19, 18, 15, 70, 14, 71, 13, 73, 72, 12, 77, 76, 75, 74, 0, 181, 195, 194, 193, 196, 185, 4, 197, 198, 199, 192, 191, 63, 64, 190, 65, 66, 67, 68, 69, 16, 17, 189, 97, 91, 95, 26, 188, 174, 175, 176, 105, 116, 106, 107, 108, 109, 110, 111, 184, 101, 102, 103, 104, 177, 178, 169, 170, 171, 172, 173, 35, 34, 33, 182, 32, 31, 179, 23, 30, 20, 5, 6, 28, 81, 7, 82, 8, 27, 36, 37, 83, 84]

Execution time: 39643 ms
Solution value: 658.926
Solution path: [108, 109, 110, 111, 184, 92, 93, 180, 187, 122, 121, 120, 119, 57, 58, 59, 21, 60, 61, 62, 52, 1, 118, 56, 44, 55, 54, 45, 53, 46, 47, 88, 25, 89, 24, 38, 39, 40, 136, 137, 123, 112, 124, 125, 126, 154, 155, 156, 157, 158, 22, 3, 186, 114, 99, 98, 100, 48, 49, 50, 113, 51, 96, 161, 160, 159, 151, 150, 167, 166, 152, 138, 162, 139, 163, 140, 141, 164, 165, 142, 143, 144, 145, 146, 147, 148, 149, 168, 153, 127, 128, 129, 130, 131, 132, 133, 134, 41, 135, 42, 43, 2, 90, 94, 115, 87, 74, 75, 9, 10, 183, 79, 11, 78, 12, 71, 15, 70, 14, 13, 72, 63, 73, 77, 76, 0, 181, 185, 4, 195, 194, 193, 196, 197, 198, 199, 192, 191, 64, 190, 65, 66, 67, 68, 69, 16, 18, 17, 189, 97, 91, 95, 33, 34, 35, 36, 37, 27, 82, 7, 6, 5, 182, 32, 31, 179, 23, 30, 19, 20, 29, 80, 28, 81, 8, 83, 84, 85, 86, 117, 170, 169, 178, 171, 172, 173, 174, 188, 26, 175, 176, 177, 104, 103, 102, 101, 116, 105, 106, 107]

Execution time: 32016 ms
Solution value: 661.18
Solution path: [141, 142, 143, 144, 145, 165, 166, 167, 150, 168, 149, 148, 147, 146, 4, 185, 198, 197, 196, 195, 194, 193, 192, 191, 64, 190, 65, 199, 66, 67, 68, 69, 15, 70, 14, 71, 13, 63, 73, 72, 12, 78, 11, 77, 76, 75, 74, 0, 181, 90, 94, 115, 117, 87, 86, 85, 84, 83, 37, 36, 35, 34, 33, 182, 32, 31, 23, 30, 20, 5, 6, 28, 81, 7, 82, 27, 8, 9, 10, 183, 79, 80, 29, 19, 18, 16, 17, 189, 179, 97, 91, 95, 26, 188, 174, 173, 172, 171, 170, 169, 178, 103, 102, 116, 104, 177, 175, 176, 105, 106, 107, 108, 109, 110, 111, 101, 184, 92, 93, 180, 187, 21, 25, 89, 24, 88, 38, 39, 47, 46, 54, 45, 53, 52, 62, 61, 60, 59, 58, 57, 118, 1, 55, 44, 56, 119, 120, 121, 122, 2, 130, 131, 132, 133, 43, 42, 134, 41, 135, 40, 136, 137, 123, 3, 112, 124, 125, 126, 127, 129, 128, 153, 154, 155, 156, 157, 158, 151, 152, 138, 160, 159, 113, 22, 186, 114, 99, 98, 100, 48, 49, 50, 51, 96, 161, 162, 139, 163, 164, 140]

