1000
0.32 29.31
52.54 97.83
53.67 50.1
64.23 0.49
10.14 28.45
25.73 92.07
7.01 61.06
58.38 91.56
13.17 4.88
19.33 7.74
6.33 47.03
0.21 64.31
11.33 18.63
52.38 70.6
38.14 0.85
84.27 90.09
50.52 95.25
46.93 56.15
9.96 48.22
5.87 84.88
98.91 96.88
76.25 29.05
55.89 25.98
18.93 4.99
35.82 72.25
79.39 75.22
15.56 66.18
60.4 20.57
38.76 13.16
30.23 32.25
73.73 43.78
76.98 79.11
14.86 17.85
59.06 88.61
79.02 68.68
66.31 17.79
90.01 63.19
60.86 0.89
16.53 62.52
87.28 93.8
51.76 73.89
49.23 8.37
5.49 78.92
79.95 82.38
50.42 85.5
4.63 98.6
86.73 45.3
44.73 48.33
36.48 76.92
68.11 93.38
43.19 53.27
40.68 63.19
39.82 97.86
73.48 38.19
69.45 62.12
41.39 85.29
69.43 49.54
2.51 95.93
64.38 28.15
79.79 52.87
61.91 10.36
48.57 97.91
1.04 96.6
42.89 3.11
38.01 42.73
14.8 19.77
91.38 99.55
13.28 28.84
27.97 29.39
21.04 58.75
56.08 52.93
4.64 16.24
24.7 84.57
37.42 90.61
47.57 39.52
46.04 40.75
32.84 5.83
96.25 22.88
16.51 97.52
99.33 82.18
6.35 37.87
42.62 36.12
50.2 55.07
89.85 27.51
49.91 74.13
0.77 98.82
58.5 85.56
57.75 88.47
40.03 8.17
2.39 11.82
66.22 88.76
96.68 60.81
14.76 78.12
57.07 65.22
77.25 76
31.54 88.94
20.57 54.18
51.05 68.77
44.25 15.26
40.28 8.57
85.62 95.1
42.63 99.48
34.25 79.58
80.48 18.62
62.97 16.63
54.18 5.43
28.06 67.04
16.22 81.05
75.68 98.58
25.98 46.97
6.24 61.05
11.61 1.6
22.76 99.86
75.88 58.31
33.68 42.84
9.79 24.93
47.04 93.08
66.51 7.49
31.78 62.78
5.33 38.83
11.31 70.93
71.14 83.01
36.37 0.57
87.13 11.2
52.8 10.82
70 36.36
18.63 28.25
50.74 22.8
55.99 82
22.11 78.11
6.48 47.99
60.73 0.17
26.33 0.45
78.14 1.65
10.31 52.44
92.92 63.21
83.73 54.57
69.77 69.48
71.56 58.37
6.75 97.74
48.95 33.9
69.82 67.72
1.01 36.95
4.58 33.68
47.23 92.69
97.7 3.7
57.94 98.96
67.28 77.06
53.91 29.72
77.7 4.31
24.49 49.8
36.03 34.86
32.98 72.32
85.78 60.09
12.01 19.8
0.03 14.03
40.33 95.3
39.53 54.28
54.94 56.04
97.09 6.07
92.29 3.17
96.13 82.1
94.19 56.59
22.13 37.38
2.57 95.52
71.01 38.57
93.33 37.54
78.59 11.77
9.93 76.73
26.13 24.9
8.71 75.76
87.92 2.78
27.06 13.64
8.26 65.84
35.56 37.22
67.92 0.65
51.18 84.53
97.79 98.85
71.97 19.42
56.16 11.39
49.4 62.45
23.06 5.4
81.56 18.99
72.2 67.48
66.19 18.68
31.11 12.43
7.38 90.51
4.7 56.58
32.68 0.38
34.87 62.16
99.38 98.19
75.54 13.49
12.69 10.34
52.07 17.61
24.25 98.14
3.79 92.77
52.93 72.98
88.13 43.1
35.12 17.92
96.03 29.62
4.3 23.04
77.95 53.46
55.4 73.34
85.78 89.78
81.4 11.41
14.02 39.57
61.28 34.99
25.99 9.47
8.32 94.6
75.41 57.38
22.06 55.12
35.23 53.63
6.37 27.23
50.98 57.5
49.33 21.02
30.23 43.42
92.52 10.49
23.99 99.43
8.17 40.67
63.61 12.98
63.79 97.72
3.84 69.88
78.39 35.75
24.58 18.78
85.33 20.46
5.18 67.45
29.37 12.51
75.64 10.18
21.04 62.34
29.51 48.93
31.8 71.37
0.08 51.72
69.01 8.71
8.68 28.67
24.5 29.71
71.41 27.34
15.05 21.96
25.23 29.95
25.95 80.36
31.9 77.3
66.07 58.05
0.34 54.87
11.8 75.93
20.9 37.61
27.66 76
78.79 67.67
5.14 26.64
13.18 0.83
44.66 98.21
13.31 73.38
19.49 19.53
6.87 85.05
5.45 85.3
50.57 39.36
28.48 88.34
98.98 12.95
77.53 76.58
31.38 36.27
23.61 86
53.71 60.39
80.43 78.54
23.64 74.16
1.08 39.97
46.03 27.24
89.41 14.92
53.49 91.24
47.26 3.08
10.76 68.59
42.93 66.34
53.87 94.08
98.28 45.7
89.01 59.51
3.08 16.08
27.85 8.05
17.3 38.55
60.9 28.43
78.78 72.52
97.52 84.78
66.82 25.75
92.78 89.12
81.01 17.1
15.24 29.99
96.48 93.49
47.15 17.68
29.28 63.09
65.34 82.86
80.36 77.32
20.06 59
0.43 32.28
86.36 48.71
33.83 60.06
67.1 75.23
69.09 10.79
86.13 87.64
69.04 94.41
8.29 74.74
90.88 39.36
33.39 91.83
88.47 46.17
70.75 46.94
67.15 92.33
38.18 62.1
98.4 99.03
54.43 37.32
52.66 40.59
66.77 89.84
35.94 49.69
23.86 52.04
73.64 13.84
92.12 93.26
22.08 37.48
70.86 30.29
79.93 41.31
16.02 39.73
62 58.38
61.7 92.95
67.33 58.32
65.56 7.4
31.21 11.54
98.98 47.36
65.2 42.13
16.64 53.99
83.79 31.46
30.58 83.22
27.44 11.17
85.1 38.51
60.38 6.44
47.91 84.36
86.35 13.37
54.87 97.33
85.08 0.69
61.19 59.09
15.73 70.82
84.5 6.28
81.05 76.29
39.57 17.17
26.66 98.75
88.64 35.99
44.27 38.64
44.26 63.5
25.91 18.54
98.04 67.1
4.6 17.64
95.12 89.91
58.92 41.78
34.1 84.08
51.15 95.98
73.55 41.47
61.04 73.92
6.11 83
5.05 68.34
11.01 28.72
62.23 52.51
36.83 67.64
47.53 64.59
11.78 46.55
51.61 99.01
47.98 37.72
6.5 9.14
29.76 19.12
33.81 53.8
63.27 77.25
86.58 90.31
73.71 19.88
24.23 98.26
54.6 75.63
53.58 63.98
99.59 3.75
81.39 66.95
78.27 33.66
60.65 50.47
31.66 9.96
48.14 19.97
41.63 12.49
54.67 46.98
54.19 7.22
97.58 80.23
72.33 16.42
86.79 5.22
60.06 87.62
50.85 37.76
39.06 16.92
4.61 85.91
40.31 11.8
33.04 26.59
1.59 25.24
99.12 19.94
82.65 4.9
56.23 91.57
33.22 4.6
87.25 11.44
7.9 25.39
44.57 52.77
30.14 43.2
17.74 7.91
33.42 60.52
42.33 68.42
99.33 38.22
74.19 69.34
10.12 69.73
44.59 99.55
94.36 9.87
83.38 98.1
61.31 38.15
59.84 24.16
83.65 14.89
27.4 66.87
24.25 1.82
84.63 8.23
38.57 65.26
1.91 83.74
57.49 3.33
76.03 87.95
51.77 73.99
90.75 48.09
82.59 74.06
23.98 39.5
53.16 12.94
74.55 55.08
70.15 73.86
40.45 20.17
5.2 28.16
99.62 3.4
21.28 82.17
91.44 46.31
44.53 40.05
90.27 18.01
29.27 18.46
27.8 56.12
53.79 71.16
66.73 2.86
55.72 9.27
16.94 88.92
56.96 5.6
39.12 99.35
67.82 37.59
55.67 77.22
40.94 60.65
1.71 7.67
82.01 54.59
81.47 82.99
6.55 94.42
38.96 33.64
17.61 86.82
94.6 38.72
24.02 93.21
92.88 26.52
96.2 11.51
7.36 26.14
11.29 21.2
98.05 62.24
1.27 15.91
56.42 85.53
28.84 56.6
9.71 18.95
13.82 86.35
65.07 38.56
29.61 78.84
75.45 29.91
58.42 89
27.24 95.63
12.43 66.38
54.09 10.58
0.74 70.55
72.54 17.36
56.28 66.75
23.4 3.42
18.09 98.1
55.68 9.29
11.69 38.19
76.11 28.42
48 56.89
76.88 61.45
47.04 73.95
93.97 82.14
53.13 22.83
68.59 10.2
17.24 94.4
74.82 36.28
79.77 97.42
99.4 10.96
82.38 52.79
21.35 21.78
75.71 3.9
50.75 80.86
40.5 23.78
18.02 58.22
72.63 19.34
59.91 90.88
81.87 61.78
93.63 30.61
5.7 27.27
38.59 32.13
41.31 90.56
28.04 59.36
91.64 0.09
40.76 86.66
81.82 98.83
40.79 90.9
87.63 66.28
64.83 58.69
92.01 29.9
74.22 12.76
37.36 80.21
20.23 67.06
6.58 1.1
68.72 97.6
12.93 24.75
76.79 29.09
34.4 55.04
60.67 37.28
29.52 31.26
95.21 83.19
72.6 66.62
24.9 66.59
92.45 4.45
43.24 80.32
52.63 71.49
16.72 49.67
97.71 77.42
66.49 4.53
27.8 16.53
97.57 93.05
23.23 79.44
31.99 60.89
59.09 21.22
55.57 82.77
62.95 93.09
54.33 40.72
37.05 89.51
95.26 59.42
34.47 68.85
8.16 74.34
45.07 72.23
66.1 96.44
73.68 3.98
51.63 23.19
6.09 22.31
81.92 15.8
75.03 67.37
15.25 42.54
30.82 22.89
42.21 28.7
25.53 24.04
15.84 67.1
87.51 21.9
73.45 93.97
3.13 51.49
81.24 34.78
54.47 48.68
87.54 35.71
94.18 4.09
65.78 20.34
51.88 6.94
22.48 71
25.46 52.52
11.26 66.92
55.85 13.01
80.41 72.12
49.93 39.5
3.53 45.06
37.13 70.72
11.88 38.47
72.53 26.86
26.23 44.11
13.72 78.95
37.51 32.93
9.51 62.13
65.41 20.77
17.3 21.34
82.96 75.4
17.52 5.67
61.81 28.42
66.42 4.2
68.25 35.51
35.87 68.35
14.09 98.03
85.2 65.31
46.66 25.73
45.66 84.49
80.65 27.01
85.84 6.82
81.2 87.83
50.22 55
11.79 45.13
96.51 9.48
27.01 87.53
88.12 90.36
1.63 69.42
19.97 92.68
94.66 28.36
62.31 9.16
52.34 18.27
33.53 76.36
24.9 9.29
63.32 18.73
99.52 77.41
69.57 66.14
14.58 44.45
93.04 69.4
92.9 96.79
55.99 69.22
3.93 84.25
14.7 93.12
0.33 29.71
71.88 92.42
96.89 9.62
38.21 60.36
39.32 56.85
83.53 79.88
61.47 18.67
98.33 39.47
47.85 96.93
48.15 98.14
76.11 6.33
62.33 66.84
15.07 43.07
28.56 85.43
92.95 50.24
77.64 73.4
62.08 75.64
8.37 17.13
79.52 58.47
29.17 67.53
10.85 2.57
74.27 52.5
96.26 57.67
55.03 67.78
94.26 17.03
81.74 5.69
73.29 90.41
32.09 52.48
67.79 24.59
52.78 40.39
87.05 6.27
72.22 16.75
52.97 30.76
2.8 15.57
46.09 74.41
61.5 96.94
31.06 34.32
38.6 21.28
53.77 39.09
30.08 45.58
99.95 46.5
56.57 70.24
73.51 87.27
49.65 7.11
27.22 55.66
41.65 39.93
27.29 38.78
10.52 99.19
33 70.38
13.69 4.12
33.82 34.85
20.33 70.98
79.2 98.47
53.35 39
41.72 69.63
9.53 55.7
88.47 78.7
19.57 61.34
73.85 53.08
85.86 52.67
11.41 54.25
71.3 24.87
21.25 89.51
87.72 70.08
34.27 84.12
85.5 92.47
77.02 80.54
23.88 35.3
30.27 72.65
19.22 75
87.75 62.59
12.79 76.55
86.33 47.46
18.12 5.32
40.8 70.55
96.57 52.83
4.15 38.56
3.85 82.88
71.24 75.61
37.7 84.84
16.21 32.04
95.78 66.02
82.82 28.65
48.09 56.38
94.24 96.53
25.83 88.1
7.4 7.77
35.95 8.38
75.11 71.83
34.99 65.36
73.91 99.49
6.55 39.86
54.19 77.69
10.94 18.7
16.26 54.75
6.34 9.52
27.64 10.63
16.43 63.7
18.43 30.98
12.92 26.96
9.05 0.27
75.91 3.78
18.81 90.93
48.27 82.03
60.98 82.57
41.85 5
26.18 83.92
75.91 94.98
97.78 59.87
42.33 63.32
36.11 70.64
68.47 27.59
49.14 44.2
14.05 57.16
98.31 64.57
28.02 34.98
69.54 26.8
79.14 47.5
67.01 48.96
84.36 17.46
96.93 58.09
94.15 44.12
57.6 18.52
29.8 7.64
38.2 35.42
63.67 11.4
42.03 10.8
89.1 74.9
85.32 90.04
70.26 61.17
20.64 83.9
65.73 5.5
79.31 69.17
17.95 92.41
44.58 4.38
16.46 52.99
93.79 33.84
62.34 65.7
63.26 82.79
16.79 26.48
78.52 58.97
11.16 82.68
70.32 85.03
73.99 93.9
95.08 76.97
42.19 34.48
16.55 72.67
31.96 34.71
88.7 61.6
13.59 76.78
98.63 64.96
54.47 88.87
61.06 92.69
37.58 14.32
64.88 78.71
50.14 59.55
45.42 7.26
30.97 63.27
42.09 92.31
7.49 7.42
19.2 18.9
51.54 2.84
13.51 38.12
40.41 85.13
58 53.25
66.5 36.93
77.05 9.26
32.45 68.56
21.51 44.63
76.56 20.9
11.31 42.37
78.91 64.45
75.45 23.28
47.35 67.9
48.24 77.14
60.47 14.2
58.88 76.12
75.01 59.18
78.46 41.38
98.59 87.35
44.22 93.17
74.58 55.88
36.12 25.63
26.01 38.5
81.97 14
38.03 67.49
39.1 83.64
39.65 24.82
79.12 71.46
91.76 76.45
74.65 93.57
8.94 56.27
54.56 59.2
55.76 50.64
62.75 74.16
38.11 41.02
71.17 13.04
36.63 96.45
52.1 79.31
20.58 29.86
5.56 95.6
45.51 22.44
87.31 30.03
34.33 28.47
78.29 76.39
10.04 51.61
62.27 37.75
22.46 31.46
53.32 29.46
98.15 13.27
6.58 98.17
26.4 83.56
19.21 62.66
70.68 57.58
38.72 77.01
57.51 19.52
60.81 24.44
34.94 50.44
79 37.42
41.08 87.1
21.57 20.16
19.63 35.85
11.4 93.72
11.22 51.35
80.79 43.89
60.41 31.33
29.07 66.83
58.63 60.39
99.39 38.33
84.55 41.82
39.93 35.74
23.77 80.09
96.15 34.02
86.14 19.49
9.64 54.15
18.82 94.57
45.41 53.42
14.3 69.04
35.97 2
15.97 94.1
88.21 69.15
90.08 4.43
19.43 22.23
22.52 74.98
85.4 12.34
26.45 43.2
59.31 57.23
71.12 54.41
44.11 18.94
79.84 8.26
46.5 52.05
9.51 41.57
80.76 95.25
15.41 95.45
79.58 9.77
23.62 96.14
83.71 82.76
64.83 30
55.67 61.47
84.02 39.95
89.16 58.66
25.58 48.87
53.18 12.13
73.17 25.46
23.6 42.44
19.91 45.89
65.32 3.89
11.44 4.9
39.66 4.06
70.5 88.56
97.52 43.6
0.8 12.55
65.66 78.88
36.79 51.84
97.8 49.47
70.43 94.56
60.27 85.23
66.92 62.5
96.56 52.64
2.08 68.36
81.62 34.83
64.69 48.75
1.71 59.79
59.7 68.69
77.15 27.97
82.51 48.49
26 87.68
34.45 54.99
50.19 98.16
65.39 17.85
96.88 94.49
59.36 72.22
75.34 22.69
79.5 93.19
46.42 84.79
37.28 17.6
55.03 61
24.4 27.52
20.91 55.45
80.58 78.88
36.59 47.45
66.81 71.35
48.42 71.16
82.52 13.35
61.47 52.91
71.32 90.78
64.31 3.55
5.3 31.74
47.14 82.88
82 85.35
93.09 79.32
66.1 30.99
92.86 75.35
19.61 73.37
78.21 61.03
79.05 1.92
95.07 16.03
47.7 36.85
82.26 67.31
43.55 65.1
72.85 25.94
94.57 19.99
3.91 79.51
62.56 85.22
60.35 80.31
8.06 57.8
90.04 97.42
86.09 16.59
75.34 93.76
85.2 8.73
47.01 84.6
20.24 16.67
18.84 42.04
62.39 2.94
33.57 10.42
16.02 9.02
87.23 17.14
21.11 77.94
57.22 56.49
38.61 26.39
83.02 11.09
65.32 92.55
29.08 23.53
50.89 40.84
28.97 69.49
45.18 99.53
24.18 93.63
76.81 38.22
45.89 48.09
25.67 9.05
47.34 46.4
20.81 43.9
36.7 99.3
98.2 98.74
58.26 25.17
24.35 54.14
10.96 27.12
41 6.28
0.85 9.68
94.93 32.41
96.11 24.2
65.01 57.63
36.87 58.64
74.34 66.94
70.08 30.45
44.11 90.65
26.93 89.02
71.22 33.98
41.37 70.4
14.44 57.18
29.11 31.16
23.57 37.21
94.31 59.63
58.44 36.79
33.13 68.29
31.03 14.79
19.83 49.73
30.85 4.29
45.35 80.89
67.9 38.19
3.19 71.69
11.3 75.61
46.67 90.81
13.46 3.63
89.12 74.48
54.51 16.21
95.76 95.03
36.13 4.75
32.87 63.45
66.53 96.12
1.9 32.09
8.85 1
91.56 87.96
38.54 88.68
3.62 9.06
67.19 13.93
