../inputs/tsp50/tsp50_1.dat
Execution time: 97147 ms
Solution value: 293.388
Solution path: [0, 13, 12, 11, 10, 47, 9, 8, 7, 6, 42, 41, 40, 39, 43, 44, 45, 46, 35, 36, 37, 38, 34, 33, 32, 31, 30, 29, 17, 16, 18, 19, 20, 21, 22, 23, 24, 25, 15, 14, 28, 26, 27, 48, 49, 5, 4, 3, 2, 1]

../inputs/tsp50/tsp50_2.dat
Execution time: 9690 ms
Solution value: 191.681
Solution path: [0, 13, 12, 11, 10, 9, 34, 33, 32, 31, 30, 40, 39, 38, 37, 36, 35, 18, 19, 20, 21, 22, 23, 17, 16, 24, 25, 15, 14, 29, 28, 27, 26, 49, 48, 47, 46, 45, 44, 43, 42, 41, 8, 7, 6, 5, 4, 3, 2, 1]

../inputs/tsp50/tsp50_3.dat
Execution time: 32578 ms
Solution value: 150.427
Solution path: [0, 12, 13, 14, 15, 11, 10, 9, 18, 35, 36, 17, 16, 27, 26, 37, 25, 38, 39, 42, 41, 40, 49, 48, 47, 46, 45, 44, 43, 24, 23, 22, 21, 20, 19, 8, 7, 6, 5, 4, 28, 29, 30, 31, 32, 33, 34, 3, 2, 1]

../inputs/tsp50/tsp50_4.dat
Execution time: 5505 ms
Solution value: 258.641
Solution path: [0, 1, 48, 2, 3, 4, 43, 5, 6, 7, 36, 35, 8, 37, 38, 39, 24, 25, 26, 27, 29, 28, 46, 44, 42, 45, 19, 20, 21, 18, 17, 16, 15, 14, 13, 12, 11, 10, 23, 22, 40, 47, 41, 49, 30, 31, 32, 33, 34, 9]

../inputs/tsp50/tsp50_5.dat
Execution time: 68316 ms
Solution value: 293.085
Solution path: [0, 1, 22, 41, 40, 39, 38, 37, 36, 35, 34, 23, 24, 25, 26, 27, 28, 29, 30, 31, 32, 33, 49, 15, 16, 10, 12, 11, 21, 20, 19, 18, 17, 14, 42, 43, 44, 45, 46, 47, 48, 13, 2, 3, 4, 5, 6, 7, 8, 9]

../inputs/tsp50/tsp50_6.dat
Execution time: 4332 ms
Solution value: 320.596
Solution path: [0, 1, 2, 47, 48, 49, 44, 45, 46, 27, 32, 33, 36, 35, 34, 13, 14, 15, 16, 17, 3, 4, 5, 6, 7, 8, 9, 10, 11, 12, 22, 25, 18, 19, 20, 21, 26, 29, 31, 23, 24, 37, 38, 39, 40, 30, 41, 42, 43, 28]

../inputs/tsp50/tsp50_7.dat
Execution time: 63718 ms
Solution value: 228.104
Solution path: [0, 1, 2, 3, 4, 5, 6, 33, 32, 31, 30, 16, 15, 14, 40, 39, 38, 37, 36, 41, 42, 43, 44, 45, 46, 47, 48, 49, 17, 18, 19, 20, 21, 22, 23, 24, 25, 26, 27, 28, 29, 34, 35, 7, 8, 9, 10, 11, 12, 13]

../inputs/tsp50/tsp50_8.dat
Execution time: 5411 ms
Solution value: 316.471
Solution path: [0, 9, 8, 42, 28, 27, 37, 26, 25, 24, 23, 22, 34, 31, 30, 29, 46, 41, 45, 43, 35, 38, 44, 39, 36, 47, 10, 21, 20, 19, 18, 17, 32, 16, 15, 14, 13, 12, 11, 40, 33, 49, 48, 7, 6, 5, 4, 3, 2, 1]

../inputs/tsp50/tsp50_9.dat
Execution time: 18591 ms
Solution value: 247.249
Solution path: [0, 2, 1, 4, 3, 25, 31, 30, 29, 28, 27, 26, 40, 41, 39, 38, 37, 36, 35, 34, 33, 32, 47, 46, 45, 44, 43, 42, 49, 48, 10, 11, 12, 13, 14, 15, 16, 17, 18, 19, 20, 21, 22, 23, 24, 5, 6, 7, 8, 9]

../inputs/tsp50/tsp50_10.dat
Execution time: 4008 ms
Solution value: 338.703
Solution path: [0, 10, 11, 12, 13, 14, 15, 16, 4, 2, 5, 36, 49, 8, 31, 47, 7, 22, 23, 24, 25, 26, 27, 28, 29, 17, 18, 19, 20, 21, 9, 32, 3, 30, 1, 48, 6, 35, 39, 38, 37, 46, 45, 44, 43, 42, 41, 33, 40, 34]

