../inputs/tsp75/tsp75_1.dat
Execution time: 113697 ms
Solution value: 352.863
Solution path: [0, 11, 26, 25, 24, 23, 22, 21, 20, 19, 18, 49, 74, 73, 63, 36, 62, 61, 60, 59, 58, 57, 56, 32, 55, 68, 33, 34, 35, 64, 65, 66, 67, 41, 38, 51, 50, 17, 16, 15, 14, 13, 12, 52, 31, 30, 29, 28, 27, 10, 9, 40, 8, 7, 54, 39, 53, 42, 69, 70, 71, 72, 48, 47, 46, 45, 44, 43, 6, 5, 4, 3, 37, 2, 1]

../inputs/tsp75/tsp75_2.dat
Execution time: 38108 ms
Solution value: 366.408
Solution path: [0, 1, 2, 3, 4, 5, 6, 7, 49, 50, 51, 52, 53, 54, 20, 19, 21, 22, 23, 24, 25, 26, 27, 28, 18, 17, 38, 15, 36, 60, 61, 62, 63, 64, 65, 37, 69, 70, 71, 72, 73, 74, 66, 67, 68, 35, 16, 11, 45, 44, 39, 43, 42, 41, 40, 33, 32, 31, 30, 29, 14, 34, 13, 12, 55, 56, 57, 58, 59, 46, 47, 48, 8, 9, 10]

../inputs/tsp75/tsp75_3.dat
Execution time: 281109 ms
Solution value: 268.928
Solution path: [0, 19, 18, 17, 16, 15, 58, 57, 56, 55, 36, 31, 30, 29, 28, 27, 26, 32, 39, 35, 38, 37, 47, 46, 45, 44, 43, 42, 41, 40, 61, 62, 63, 64, 65, 66, 67, 68, 69, 70, 74, 73, 72, 71, 25, 34, 24, 23, 22, 21, 20, 54, 53, 52, 51, 50, 49, 48, 60, 59, 14, 13, 12, 11, 10, 9, 8, 7, 6, 5, 33, 4, 3, 2, 1]

../inputs/tsp75/tsp75_4.dat
Execution time: 55524 ms
Solution value: 327.206
Solution path: [0, 59, 55, 53, 18, 19, 20, 21, 22, 23, 24, 25, 13, 14, 15, 16, 17, 6, 38, 37, 36, 5, 35, 34, 33, 32, 31, 30, 29, 28, 27, 26, 39, 60, 61, 62, 63, 64, 65, 66, 67, 68, 69, 74, 73, 72, 71, 70, 7, 8, 9, 10, 11, 12, 49, 48, 56, 50, 51, 40, 41, 42, 43, 44, 45, 47, 46, 4, 52, 57, 54, 58, 3, 2, 1]

../inputs/tsp75/tsp75_5.dat
Execution time: 130561 ms
Solution value: 421.207
Solution path: [0, 1, 23, 2, 3, 4, 58, 22, 21, 20, 18, 29, 28, 27, 37, 36, 60, 35, 40, 39, 38, 62, 32, 30, 19, 53, 24, 25, 26, 34, 56, 8, 9, 10, 11, 12, 13, 7, 6, 5, 16, 15, 14, 64, 65, 66, 67, 33, 68, 69, 70, 71, 72, 74, 73, 48, 46, 45, 44, 43, 42, 41, 49, 31, 61, 55, 57, 54, 17, 51, 52, 50, 59, 47, 63]

../inputs/tsp75/tsp75_6.dat
Execution time: 96416 ms
Solution value: 375.023
Solution path: [0, 1, 2, 3, 4, 5, 6, 7, 8, 9, 10, 22, 16, 21, 14, 59, 58, 57, 56, 55, 54, 53, 23, 17, 19, 18, 15, 27, 62, 61, 60, 26, 28, 69, 70, 25, 71, 72, 73, 74, 66, 65, 24, 67, 68, 64, 63, 32, 31, 30, 29, 38, 37, 41, 40, 39, 52, 51, 50, 49, 48, 47, 46, 45, 44, 43, 42, 36, 35, 34, 33, 20, 11, 12, 13]

../inputs/tsp75/tsp75_7.dat
Execution time: 49496 ms
Solution value: 366.794
Solution path: [0, 1, 2, 18, 17, 16, 15, 14, 13, 61, 12, 11, 19, 20, 21, 22, 3, 4, 5, 6, 7, 8, 9, 10, 60, 59, 58, 57, 56, 73, 72, 71, 70, 67, 69, 64, 65, 54, 51, 55, 63, 66, 74, 23, 68, 62, 24, 25, 35, 34, 26, 33, 32, 31, 30, 49, 27, 36, 37, 38, 39, 53, 40, 41, 42, 43, 44, 45, 46, 47, 48, 28, 29, 52, 50]

../inputs/tsp75/tsp75_8.dat
Execution time: 94832 ms
Solution value: 406.919
Solution path: [0, 62, 1, 61, 60, 59, 2, 48, 33, 3, 4, 5, 14, 7, 10, 6, 35, 39, 37, 46, 32, 63, 64, 65, 45, 21, 36, 26, 25, 24, 23, 50, 66, 67, 68, 74, 73, 72, 71, 70, 69, 40, 20, 41, 15, 31, 11, 47, 19, 34, 27, 28, 29, 30, 49, 22, 44, 17, 42, 16, 55, 56, 57, 58, 12, 54, 53, 52, 51, 43, 13, 38, 18, 8, 9]

../inputs/tsp75/tsp75_9.dat
Execution time: 61522 ms
Solution value: 245.736
Solution path: [0, 71, 70, 19, 18, 17, 16, 28, 15, 14, 13, 12, 11, 10, 9, 8, 7, 6, 27, 30, 21, 22, 23, 24, 25, 26, 20, 37, 36, 35, 34, 33, 32, 31, 45, 44, 43, 42, 41, 40, 39, 38, 51, 50, 49, 48, 47, 46, 56, 55, 54, 53, 52, 63, 62, 57, 58, 59, 60, 61, 69, 68, 67, 66, 65, 64, 29, 5, 4, 74, 3, 73, 2, 1, 72]

../inputs/tsp75/tsp75_10.dat
Execution time: 99251 ms
Solution value: 382.569
Solution path: [0, 11, 10, 9, 13, 8, 7, 6, 5, 49, 45, 12, 51, 56, 50, 63, 62, 61, 70, 64, 65, 66, 67, 68, 69, 17, 48, 58, 39, 14, 40, 41, 42, 43, 54, 59, 23, 24, 25, 26, 27, 57, 28, 29, 18, 19, 20, 21, 22, 30, 38, 37, 31, 32, 33, 35, 36, 16, 34, 47, 71, 72, 73, 74, 53, 15, 52, 46, 44, 60, 55, 4, 3, 2, 1]

